98
115
100
102
98
111
107
114
103
98
98
105
121
101
98
119
117
118
116
118
97
113
102
100
97
102
104
113
119
101
113
108
115
113
103
111
101
100
104
118
100
104
121
114
111
103
119
116
118
121
98
99
112
98
106
106
120
98
119
102
111
110
100
117
111
102
98
118
105
118
109
104
98
121
101
110
120
98
106
116
97
116
115
102
118
98
108
97
117
112
118
118
111
100
100
102
100
103
99
99
108
102
110
113
115
98
116
106
98
97
120
104
115
106
112
113
114
102
115
114
112
105
103
113
106
102
111
104
105
113
121
114
111
103
106
109
113
110
104
97
99
109
103
100
115
114
114
112
118
113
114
116
108
105
112
116
110
111
108
100
110
109
114
112
99
106
101
99
100
99
97
112
104
120
104
121
104
118
114
102
120
114
100
99
118
100
113
102
118
120
100
114
115
106
105
117
120
111
107
115
113
98
115
107
108
118
108
99
108
106
113
99
116
114
109
108
104
114
121
97
97
99
115
118
121
100
117
118
97
115
107
100
103
110
112
98
108
110
97
107
117
105
102
102
100
97
99
101
113
113
100
110
98
114
107
107
103
115
100
117
99
110
121
100
108
121
108
121
98
111
120
115
102
99
111
116
108
104
104
116
106
101
121
98
107
120
112
110
105
104
112
108
113
97
98
110
103
119
98
104
121
99
116
104
118
114
99
114
100
99
101
103
105
110
101
114
103
115
116
106
98
113
113
112
105
101
104
109
107
112
118
111
102
116
117
106
115
106
100
121
118
113
98
102
109
105
97
106
112
103
121
121
113
118
109
118
104
121
97
117
97
116
97
103
115
108
114
109
103
103
119
110
102
120
118
110
109
114
109
102
106
101
104
103
116
101
105
109
97
109
102
110
102
109
109
118
98
118
121
108
120
108
114
102
112
119
97
98
111
97
112
103
99
120
116
112
103
99
117
110
105
102
103
101
103
105
108
121
108
108
101
121
112
104
110
100
106
99
106
118
114
112
119
98
101
109
109
105
105
118
109
104
114
119
98
113
121
121
121
98
107
120
120
109
120
117
117
100
101
106
110
106
120
97
103
97
107
121
116
112
101
99
116
120
111
106
109
116
121
115
97
115
120
107
111
97
111
113
103
114
111
100
106
98
104
99
120
113
111
99
97
112
115
111
98
105
107
116
101
99
116
116
110
102
110
106
114
106
110
117
102
115
98
106
117
99
108
115
98
98
107
98
104
118
108
109
98
107
109
120
99
111
112
119
98
99
103
113
99
121
121
101
101
102
97
105
118
113
99
112
118
121
118
115
111
119
114
116
107
107
102
97
97
97
117
108
100
102
97
109
104
101
110
121
109
104
101
108
117
97
99
107
115
114
107
97
98
97
102
116
114
110
111
111
114
107
105
114
108
120
101
102
110
111
101
106
105
107
106
99
118
102
107
121
101
110
121
104
113
112
116
100
103
120
97
111
115
109
111
98
120
112
103
117
118
101
117
116
121
103
101
101
116
119
120
121
101
105
112
108
121
108
103
120
118
116
108
117
101
97
107
118
102
105
103
99
120
118
109
117
103
120
102
109
100
101
110
115
113
107
119
120
103
102
114
99
101
117
105
118
121
109
106
107
102
119
114
116
102
99
115
99
105
112
111
111
105
104
111
105
106
110
104
101
118
108
97
97
113
117
106
110
101
99
107
101
104
120
106
98
111
99
101
115
116
103
102
116
102
119
114
118
120
106
119
98
115
116
110
107
113
113
101
108
115
121
107
98
102
108
99
104
117
120
107
112
112
112
101
110
121
120
109
98
101
121
102
119
105
99
99
110
116
107
106
106
101
106
109
103
111
111
116
97
114
97
97
109
120
112
106
121
120
115
116
99
109
115
114
109
111
105
102
111
112
115
113
113
98
117
100
103
115
108
117
100
102
97
97
111
115
119
104
112
98
106
99
116
120
107
115
111
107
105
108
101
108
109
110
107
99
109
115
121
107
111
110
110
99
113
106
103
114
106
106
108
105
99
102
113
100
109
118
102
100
118
108
109
109
118
121
114
120
121
109
99
99
99
100
112
104
100
97
101
110
112
98
103
110
103
101
118
110
118
102
121
108
98
112
101
101
102
106
115
98
102
106
120
108
115
114
109
101
110
113
106
111
115
118
102
106
106
108
113
99
108
98
117
108
99
108
119
116
114
119
114
120
110
105
108
119
110
109
97
113
110
108
97
105
104
113
111
112
106
103
117
121
111
101
107
120
98
99
119
105
119
121
115
105
105
