72
72
117
112
79
108
81
101
107
107
110
106
72
76
85
81
119
98
83
84
85
79
83
80
76
120
99
86
106
71
98
97
115
120
68
112
73
120
113
80
73
70
120
100
71
116
70
72
89
68
98
79
83
70
88
100
101
66
83
72
110
114
106
97
86
83
86
105
103
106
106
67
104
84
112
113
107
117
89
114
76
78
104
73
101
118
113
105
68
100
110
78
70
73
76
109
117
67
85
81
108
101
103
102
105
80
111
66
121
119
72
105
99
66
69
97
77
119
77
67
69
80
116
74
74
101
70
120
98
78
99
69
99
79
118
72
69
103
87
100
98
108
115
82
65
99
75
72
66
100
116
98
67
70
82
69
66
117
116
119
111
81
76
99
110
113
71
100
118
121
72
107
106
97
117
74
71
85
73
111
89
117
101
104
70
68
119
67
99
77
88
99
80
104
121
110
67
76
111
102
101
98
113
69
110
73
76
70
105
120
68
97
106
77
102
80
66
86
119
67
81
100
81
105
67
107
109
103
109
88
78
81
75
80
76
78
116
105
81
99
117
87
79
79
70
104
83
78
81
110
111
86
113
108
116
82
102
102
69
87
74
97
99
73
112
86
76
105
107
69
119
100
81
87
80
99
77
82
110
71
73
113
118
65
73
117
72
73
89
99
121
121
88
82
83
85
73
89
99
107
105
102
81
83
121
88
115
102
98
86
86
113
89
72
68
121
88
75
68
86
83
86
105
84
103
118
70
73
66
100
100
73
80
101
97
77
108
82
79
76
66
74
84
75
115
97
86
99
97
71
108
88
111
77
79
80
66
80
66
65
113
80
66
82
120
68
71
105
86
117
78
73
74
75
98
68
109
99
98
81
98
68
74
114
67
105
107
82
67
99
88
116
70
117
116
121
103
108
102
111
81
82
67
72
104
119
74
66
107
72
116
87
66
84
76
110
114
71
79
100
84
78
109
75
70
102
120
82
71
87
88
114
106
81
112
114
87
101
121
75
79
98
84
97
89
116
66
104
105
72
73
101
112
74
77
110
69
78
81
72
117
81
68
85
108
65
111
98
84
77
102
104
102
80
118
105
106
80
101
100
86
68
88
121
83
103
83
81
107
80
97
73
115
105
86
103
73
88
108
116
104
80
98
114
79
82
113
67
85
87
83
83
81
118
104
117
110
88
103
74
101
110
76
74
67
99
116
119
107
111
87
76
75
101
81
113
103
65
120
83
108
65
100
68
68
88
71
97
68
79
100
67
77
113
107
101
115
79
65
68
105
101
108
84
99
110
117
68
116
118
103
83
81
111
65
88
72
78
109
101
118
79
85
104
112
80
120
111
98
88
76
116
78
121
69
78
82
117
78
67
102
108
74
85
74
99
74
104
101
71
82
85
119
110
83
77
108
75
66
78
72
86
73
102
87
72
88
83
116
65
111
79
78
115
120
117
83
103
111
88
79
108
106
87
114
111
88
104
103
73
104
104
100
84
116
109
67
111
99
110
106
65
97
115
103
81
120
116
81
86
78
98
73
119
68
74
79
67
106
106
89
98
108
71
102
113
75
101
105
106
65
75
84
77
115
84
98
121
102
65
71
86
104
80
65
69
108
79
104
119
80
109
89
82
87
100
86
100
115
75
114
77
79
98
83
101
118
68
66
105
89
67
75
74
115
68
107
77
66
101
108
71
107
82
75
117
67
119
70
78
83
102
118
117
115
76
73
82
110
105
111
108
77
120
106
114
120
118
100
85
107
89
67
88
98
68
88
108
72
117
69
65
110
66
74
111
89
119
74
80
69
70
113
121
75
115
71
76
84
84
89
117
109
103
106
101
66
101
89
68
65
80
81
74
114
74
77
70
97
67
84
80
70
114
107
110
73
67
109
77
108
110
112
88
98
82
116
83
80
108
77
87
108
71
72
103
86
101
77
76
66
69
74
106
78
68
114
120
110
65
107
65
89
114
66
76
104
72
120
89
69
120
108
76
69
103
85
67
105
75
101
106
81
79
101
80
121
99
81
120
102
120
86
77
85
76
70
79
105
109
66
86
86
86
103
97
110
109
82
71
110
83
82
75
121
71
101
103
120
109
70
77
103
82
79
85
104
65
106
69
117
104
107
88
71
84
108
76
70
74
113
119
112
115
113
106
74
113
80
72
87
112
110
82
112
114
118
104
68
74
85
103
104
68
119
107
79
116
99
105
86
83
101
101
119
86
66
111
69
116
82
121
88
68
115
84
120
119
65
79
68
76
71
112
65
88
80
70
78
100
