35
6
72
19
83
29
9
118
99
21
118
74
59
101
21
52
79
20
56
19
34
73
10
105
31
34
120
0
108
43
0
29
50
85
52
4
29
25
115
18
127
74
91
9
52
23
16
0
13
80
29
21
36
120
45
21
80
4
7
56
17
82
104
8
29
58
111
109
17
74
77
19
14
24
106
88
103
102
35
75
116
120
82
4
17
11
4
71
37
17
60
25
57
19
67
0
5
35
56
64
27
116
79
8
56
112
21
58
2
10
99
100
29
8
24
11
5
82
6
72
9
16
17
22
28
9
75
16
7
39
11
44
8
75
37
8
19
51
72
122
84
88
4
1
50
28
41
8
106
1
19
24
41
43
42
22
107
20
79
33
52
6
75
7
107
25
79
30
57
22
71
29
49
8
87
112
14
59
39
17
3
11
93
31
3
6
1
46
9
108
11
113
21
111
109
74
15
29
30
5
28
18
28
52
6
21
68
74
49
2
35
18
54
25
5
11
57
93
5
50
50
35
25
83
2
0
49
55
1
8
28
78
24
14
15
86
20
24
19
71
30
127
17
80
3
20
3
19
10
42
66
99
63
24
43
95
69
15
66
28
65
93
90
125
60
71
100
81
107
59
91
74
5
0
0
6
42
0
127
9
74
57
45
68
2
99
80
0
79
95
97
16
29
11
23
16
14
29
86
12
100
17
71
71
13
63
42
14
86
45
80
86
88
103
8
22
116
21
101
17
110
22
18
121
15
49
26
90
73
34
31
11
116
22
10
12
4
9
67
25
8
45
124
62
52
6
59
39
111
110
18
81
28
87
42
30
86
13
29
84
1
7
11
15
91
20
17
24
35
94
23
97
2
53
119
6
98
60
120
21
44
18
79
67
106
30
74
6
29
29
122
12
11
20
7
22
94
3
87
43
20
69
36
15
8
20
19
22
117
108
23
96
20
21
29
28
21
74
76
59
44
3
66
123
5
120
19
115
20
90
24
12
123
115
88
15
65
24
20
34
22
17
20
49
15
8
0
4
72
71
57
22
40
38
20
30
87
67
88
26
24
89
30
111
26
111
92
31
9
41
55
61
17
81
12
8
15
25
47
92
36
5
95
124
18
74
116
28
15
28
123
71
4
68
112
3
85
69
30
6
61
56
44
84
121
27
41
35
102
54
62
4
8
30
106
20
26
19
5
57
3
4
19
14
74
7
94
56
74
3
11
15
51
2
24
20
30
121
111
18
45
28
24
31
1
30
79
58
119
94
8
71
89
71
48
119
13
65
19
24
8
38
7
49
34
96
38
13
117
9
3
45
117
19
88
26
49
60
2
17
72
11
43
95
13
107
13
23
14
124
13
18
114
104
2
103
80
60
112
22
93
104
14
125
44
24
2
28
94
48
91
52
120
10
57
10
42
3
121
38
124
10
30
4
19
8
33
106
22
87
64
66
63
14
27
86
9
7
14
117
67
25
20
51
83
119
17
106
81
0
88
4
42
101
19
72
36
8
9
0
13
13
25
51
25
25
12
15
25
78
6
1
87
77
89
18
70
65
16
68
18
31
35
76
49
17
29
124
8
29
120
12
24
3
31
49
5
18
99
17
83
18
111
51
13
19
12
96
58
98
0
90
24
11
8
93
7
10
43
117
17
3
43
3
105
7
100
62
71
125
17
25
62
59
3
106
77
105
28
31
33
29
97
2
18
70
48
18
84
22
17
123
119
10
26
15
24
29
10
24
99
17
10
15
83
28
29
27
8
20
16
9
4
120
79
78
43
8
1
15
53
17
68
85
85
24
61
60
41
19
9
27
48
11
18
6
88
17
86
50
109
5
106
23
66
17
9
105
91
42
3
26
19
29
30
106
75
11
20
15
76
8
105
3
60
115
19
26
77
0
10
6
47
83
22
21
2
19
11
37
123
0
2
75
31
3
77
73
26
23
7
13
88
11
31
58
78
3
29
21
9
118
4
2
28
43
79
30
121
33
28
21
52
52
20
81
122
99
11
1
108
11
14
114
99
119
125
9
19
92
105
10
113
16
119
102
23
93
30
101
12
19
16
62
4
110
0
19
31
89
31
33
24
78
31
28
2
15
121
15
80
16
22
27
34
2
56
120
30
5
3
87
5
74
119
114
26
49
15
107
4
0
36
70
0
51
15
43
86
6
26
14
16
84
5
105
74
90
27
6
127
2
99
18
27
17
57
90
38
21
126
81
58
18
44
53
60
14
47
17
3
120
29
46
41
34
120
34
125
35
46
31
125
6
94
55
13
7
107
49
