73
118
52
48
65
49
74
77
52
80
84
67
48
53
49
102
70
102
65
53
56
87
52
98
51
99
49
73
75
65
54
55
65
48
49
103
85
55
75
89
121
115
111
83
50
88
74
106
73
115
108
99
78
56
111
97
111
76
53
106
102
50
65
56
99
78
72
66
52
72
100
79
49
112
50
73
75
86
53
53
118
105
121
86
108
55
100
49
98
79
70
119
118
121
51
52
72
87
106
112
56
81
65
81
71
52
76
103
79
77
53
113
76
72
70
104
52
75
102
104
85
73
54
71
74
73
50
54
53
107
108
118
76
100
51
110
66
49
49
77
76
52
106
78
77
102
97
106
89
65
105
51
88
115
56
53
113
98
67
82
109
73
112
107
50
120
55
114
120
100
52
118
115
114
111
121
100
100
67
117
54
79
50
50
67
87
77
117
121
56
54
54
69
54
113
111
66
52
103
81
49
74
85
113
87
51
50
50
71
106
112
48
65
84
51
104
72
49
66
106
108
111
50
99
105
51
51
51
53
75
53
100
78
83
54
71
74
74
51
110
54
117
79
105
81
55
108
52
49
55
73
115
80
79
104
79
101
52
51
55
72
109
56
56
54
78
102
111
74
84
49
72
49
115
51
114
68
86
55
52
53
83
49
97
89
52
80
114
116
116
51
112
51
54
118
101
119
48
52
109
51
104
86
120
72
118
52
48
104
52
68
55
103
84
76
104
77
116
54
53
53
102
86
49
87
51
49
99
51
49
75
83
52
48
56
78
51
52
55
98
120
108
97
53
103
49
50
107
102
49
102
51
48
82
78
97
56
89
97
50
99
114
117
87
100
119
66
65
100
111
51
107
100
121
50
54
74
73
113
50
53
68
76
84
89
50
89
52
76
77
54
78
56
67
50
52
111
98
71
98
85
75
80
54
65
103
53
121
118
103
70
78
49
53
68
105
52
65
67
56
103
68
107
67
54
119
83
121
52
52
53
68
49
69
67
52
49
74
102
65
56
68
51
120
50
50
53
52
86
103
52
53
102
110
49
107
98
51
80
56
49
55
55
53
78
108
69
49
69
104
69
101
101
53
50
70
70
74
115
53
54
104
109
83
73
54
56
77
80
114
55
53
111
103
53
55
83
81
68
75
98
87
98
65
49
85
84
68
120
48
48
56
73
117
121
54
106
50
85
53
66
49
121
85
76
54
71
117
52
56
100
55
66
66
108
81
119
102
80
109
54
54
52
77
55
80
52
120
53
48
82
110
65
118
67
48
48
65
51
120
83
48
107
66
55
53
76
78
53
56
52
70
74
66
49
112
103
55
53
118
118
54
117
53
71
97
121
120
113
109
102
69
79
112
98
56
107
52
102
83
65
53
115
105
71
68
50
51
83
116
100
102
81
49
100
52
77
119
119
108
65
109
99
117
76
99
51
77
103
78
53
55
117
102
56
98
102
50
49
119
70
49
104
114
72
56
100
53
84
116
48
53
56
49
50
65
85
113
53
55
49
119
73
117
76
112
68
54
111
48
85
52
55
98
53
106
53
51
48
56
121
99
56
113
118
50
97
48
53
52
49
50
108
53
100
77
52
100
121
65
53
51
66
80
78
55
119
77
70
74
53
85
53
107
51
66
73
118
54
106
66
52
73
76
89
99
82
49
51
85
110
83
82
48
107
53
81
108
76
77
111
104
77
108
55
76
106
52
52
81
56
111
113
83
97
72
69
54
78
118
74
51
73
98
106
111
74
101
105
100
119
100
56
51
86
83
52
100
101
49
115
106
68
51
50
97
118
56
87
50
105
69
56
49
54
107
53
110
50
100
65
112
52
80
50
115
87
48
52
53
81
105
100
84
101
53
49
50
48
56
54
54
53
109
52
108
71
80
49
114
108
110
103
102
79
104
109
55
74
55
50
108
53
54
98
52
119
113
101
51
117
99
55
102
50
56
52
68
53
55
79
76
56
84
56
115
112
48
51
74
97
88
49
71
113
111
79
110
109
86
109
73
55
55
56
50
119
108
52
121
53
53
49
84
70
107
120
110
48
48
83
111
73
50
75
67
52
72
48
112
71
48
115
70
55
116
80
55
111
54
51
112
50
98
99
102
50
73
53
80
102
102
100
112
119
105
68
108
82
56
118
115
89
101
104
49
103
49
49
66
74
51
56
110
86
53
50
121
106
86
77
53
120
109
51
53
56
115
72
66
118
48
109
99
109
86
83
76
111
53
107
54
79
115
49
48
56
72
53
118
119
81
111
115
55
54
89
107
119
86
