66
70
79
72
81
76
80
78
75
88
82
86
80
84
83
69
72
82
81
66
75
89
65
89
86
88
85
80
65
87
66
78
78
65
80
87
84
68
80
86
73
86
87
66
81
84
81
77
81
89
70
65
84
88
67
70
77
75
72
69
76
86
87
83
70
79
76
66
72
74
65
69
84
75
74
89
89
76
83
65
89
74
87
79
79
68
80
70
69
83
83
84
88
73
79
70
73
76
80
73
79
86
88
72
81
88
67
78
70
80
65
79
87
86
88
89
87
68
85
71
65
89
86
89
66
68
75
77
72
72
78
72
78
65
87
71
81
66
88
74
68
87
85
83
81
84
78
65
70
87
65
81
88
85
69
65
82
72
83
88
81
70
85
66
78
83
78
78
66
82
82
86
76
67
79
81
66
83
73
77
77
80
77
66
78
79
73
78
78
78
87
84
89
78
82
87
74
75
75
74
89
77
80
74
70
84
82
70
79
67
83
71
71
83
83
68
72
83
87
69
87
86
77
71
72
85
78
74
79
72
74
86
82
67
69
85
83
88
87
68
87
72
89
65
65
75
80
77
65
76
65
73
76
80
79
66
79
88
65
74
69
81
65
78
68
70
67
75
83
69
84
81
74
66
86
65
66
70
65
82
85
79
84
87
66
78
76
89
74
79
68
83
70
86
70
66
87
74
78
84
86
65
80
75
69
65
75
74
75
82
81
80
83
81
73
76
76
69
78
87
69
66
83
86
67
68
74
75
68
71
80
68
88
70
71
75
72
79
69
65
86
85
72
72
70
77
79
82
87
80
77
65
75
66
65
82
84
87
74
82
68
73
66
85
75
89
77
73
66
85
69
84
79
67
87
79
78
80
70
69
75
76
81
70
68
66
83
66
73
70
69
72
85
77
74
70
86
78
79
69
82
68
85
83
85
74
72
71
75
71
79
66
81
86
82
83
84
80
68
65
85
80
76
87
78
68
89
81
89
84
66
87
72
76
73
85
82
76
67
79
68
77
70
74
88
65
74
69
68
68
79
79
72
86
82
68
72
73
81
82
82
83
80
85
65
76
72
82
79
78
80
86
84
82
76
74
73
87
88
82
84
86
66
82
69
75
71
75
66
79
76
83
78
70
77
77
76
70
76
82
74
70
74
70
78
89
69
72
76
66
72
72
78
65
70
79
87
86
87
81
70
70
76
82
71
67
65
80
72
89
80
75
74
75
79
84
79
72
66
67
88
88
85
85
70
72
79
89
78
79
76
85
82
84
70
71
82
75
72
84
72
73
71
66
66
89
89
68
65
78
87
83
80
67
69
76
83
78
83
66
66
83
87
70
87
67
68
84
89
65
73
72
74
73
83
75
74
89
89
86
66
86
69
80
84
66
77
74
75
84
76
72
76
80
74
75
65
84
73
70
86
74
69
85
66
77
76
65
68
65
88
74
81
71
66
67
78
71
81
86
74
72
68
84
81
89
87
65
83
66
78
80
74
78
80
85
68
65
80
72
86
83
86
69
89
82
74
77
84
65
69
67
80
68
74
77
86
88
86
70
67
85
70
74
83
78
84
69
80
77
81
73
76
87
65
68
80
66
65
70
66
68
88
69
81
87
68
73
66
84
67
89
77
85
74
73
73
85
71
80
86
83
84
81
81
69
73
69
81
78
81
71
85
77
72
67
71
79
80
83
67
73
65
67
67
68
66
76
73
70
75
83
89
83
85
73
73
87
76
65
70
75
76
81
66
65
82
77
79
84
89
70
72
75
69
87
77
68
74
75
69
85
84
81
76
67
70
72
73
72
76
79
72
85
74
81
86
85
89
89
71
72
84
78
75
77
87
84
75
72
85
86
78
73
88
87
71
80
74
89
69
80
81
89
76
88
72
78
82
81
83
75
71
79
69
82
75
85
72
76
88
79
83
80
72
81
79
72
84
66
70
67
77
68
83
76
74
73
86
76
74
77
89
85
71
88
82
84
69
78
76
86
87
86
65
67
69
82
78
78
73
71
86
87
74
77
66
71
67
82
72
82
84
80
87
65
69
81
71
68
81
70
87
68
72
85
69
70
68
72
82
76
86
77
88
70
67
74
69
75
87
80
76
83
77
79
74
69
87
72
68
86
66
79
70
85
73
86
77
76
74
82
74
67
85
88
80
74
88
71
86
79
67
87
68
79
87
87
86
88
77
82
80
81
84
77
71
75
74
73
79
89
78
89
81
80
71
81
75
86
79
83
88
73
78
82
88
83
74
76
76
72
70
81
79
79
79
70
65
66
